05425046
08509140
1834209767
1868100150
1909403883
2044705207
2080806868
2104210717
2114908288
2143221385
2189819676
2264697499
2291600197
2310011587
2310604153
2317102552
2338804077
2346715307
2355713307
2374907322
2409417653
2422616657
2434215803
2446712947
2451013636
2460516336
2480602213
2499718053
2500202398
2508003350
2530903702
2536502404
2543817466
2543902880
2558703060
2572605590
2590102637
2594306118
2598220926
2600914813
2620302909
2631904159
2632022731
2638003399
2650603206
2675319466
2685308024
2685802941
2694402687
2709702523
2713305125
2733014603
2743918990
2770518732
2782915990
2790814870
2811712044
2820411088
2830007552
2854300725
2867810899
2887711933
2900424609
2916204243
2935613226
2952711768
2959707764
2970804782
3005307991
3010601929
3012001747
3035612985
3047302104
3087606645
3090819732
3102620439
3124716652
3129800885
3136719973
3137619973
3145920171
3148510330
3155705300
3163725539
3165012566
3176213404
3216201073
3218418761
3233005322
3246602556
3251110456
3252905681
3255423077
3304609804
3321208201
3354408283
3366013217
3371005016
3375817028
3387616422
3417316245
3427911418
3433008704
3518608832
3622207543
3654404274
3686005695
3731805135
3733309211
3745207972
3819301817
3862112093
38821236
3954705167
43041752
43914945
45136971
45462724
45875458
МЮ 397338