00032106
00135390
00276104
00380497
00445914
00445920
00447853
00693517
01280527
01565129
01982531
01982726
01982896
01987273
01991613
01993256
01993598
01993776
01994669
01999218
02000105
02000145
02002701
02002807
02007265
02007549
02010422
02010801
02011031
02070855
02070944
02071139
02124781
02142282
02142307
02145725
02544974
02545365
02548386
02548587
02548759
03188240
03188470
03189015
03189179
03189222
03189363
03189498
03189506
03190047
03190484
03190596
04055104
04057830
04062127
04332851
04334755
04343470
04349923
04350910
04412395
04417174
04418535
04545340
04590665
05266524
05395948
05396876
05409745
05425046
05498849
05498909
07567158
08509140
08562594
08562909
08562921
08562973
08563553
08563694
08571995
08590768
08731849
08733162
08733899
08734492
08751177
08803661
13310311
13736671
14023068
14231737
14271109
14316936
14321541
14321618
14321624
14321883
14323416
14373294
16502790
1834209767
1868100150
1909403883
20001562
20087813
20131856
2044705207
20453376
20508858
20509042
20518733
20558856
20559212
20583682
20602327
20623513
20760948
2080806868
20835913
20989154
2104210717
21065765
21078029
2114908288
21340160
21423970
2143221385
21505980
21620913
21723406
2189819676
22061485
22061841
22094289
22114862
22133718
22203264
22203815
22207996
22219354
22404614
22538987
22547644
22548394
22548922
22559434
2264697499
22774245
22786426
22798277
22831813
22875220
2291600197
22999932
23018304
23049747
23064971
23076709
23078513
2310011587
2310604153
2317102552
23247186
23280315
23280506
23311317
23313925
2338804077
2346715307
23553919
23554037
2355713307
23568909
23590955
23623471
2374907322
2409417653
2422616657
2434215803
2446712947
2451013636
2460516336
24618963
24767172
24789564
2480602213
24827827
24827843
24830485
24882690
24892121
2499718053
2500202398
25073081
2508003350
25293724
25299980
2530903702
25315704
25315851
25317583
25318743
2536502404
2543817466
2543902880
25439518
25495497
2558703060
25658410
25658485
25666728
25680639
2572605590
25867728
2590102637
2594306118
25948289
25950978
2598220926
2600914813
26037851
26098858
26147924
2620302909
26212030
26242321
26242508
26243177
26304973
26312524
2631904159
2632022731
26322698
26326940
26372638
2638003399
26419446
26495341
2650603206
26514587
2675319466
2685308024
2685802941
2694402687
2709702523
2713305125
2733014603
2743918990
2770518732
2782915990
2790814870
2811712044
2820411088
2830007552
2854300725
2867810899
2887711933
2900424609
2916204243
2935613226
2952711768
2959707764
2970804782
3005307991
3010601929
3012001747
30212155
3035612985
30356917
3047302104
30636739
3087606645
3090819732
30927520
30948011
3102620439
3124716652
31259168
3129800885
31325298
31345733
3136719973
3137619973
3145920171
3148510330
3155705300
3163725539
3165012566
3176213404
31816235
32121458
3216201073
3218418761
32298653
32320552
3233005322
3246602556
3251110456
3252905681
3255423077
32699979
32704590
32706231
3304609804
3321208201
33340098
3354408283
33551192
33562670
3366013217
3371005016
3375817028
33763070
3387616422
33920250
34169287
3417316245
34200887
3427911418
34325992
3433008704
34461367
34626184
3518608832
35492401
35623111
35814729
36029726
36194975
36199863
3622207543
36330737
3654404274
3686005695
36886705
37000540
3731805135
3733309211
3745207972
37622036
37787425
37819430
37984318
38011087
3819301817
38425940
38505512
3862112093
38821236
38925300
39418096
39422516
3954705167
39625877
40093593
40201464
40333959
40375543
40391916
40412485
40422404
40518321
40620238
40703130
40708982
40733720
41066555
41080689
41086985
41292510
41299207
41356652
41456900
41513827
41814742
41830654
42201052
42260364
42268943
42392712
42439226
42739284
42789136
42985994
43041752
43205042
43278702
43308925
43331273
43370789
43440447
43808856
43914945
43917808
43927184
43930548
43965125
43971485
43983500
43983521
44011748
44054694
44059357
44070606
44070742
44072142
44074511
44086972
44133922
44155417
44167291
44349407
44375369
44480192
44557830
44634286
44651338
44725823
44759962
44905575
44930156
45057319
45101336
45122822
45136971
45159276
45188915
45207717
45346906
45366376
45387401
45462724
45464585
45521831
45547949
45656012
45668667
45708270
45875458
45909565
45955852
45989090
45998849
46000111
46039814
46114744
46185003
МЮ 397338