probe,result
lower_cyrillic,ТОВ
upper_cyrillic,тов
lower_latin,abc
upper_latin,ABC
